Resultado da matriz A entrada1.in:
81.19 44.80 11.63 16.51 18.42 12.32 5.67 43.01 69.96 36.31 
7.66 56.55 98.60 32.15 6.19 67.87 38.63 19.02 79.36 53.97 
78.17 81.35 36.76 37.05 72.25 88.31 43.97 86.41 57.70 56.63 
89.76 3.28 39.22 82.70 58.87 67.89 4.01 24.40 77.13 97.02 
38.86 33.33 35.72 75.92 94.83 8.84 59.11 64.51 85.46 21.44 
33.41 85.37 42.61 29.19 75.78 73.65 16.59 99.51 31.26 96.77 
9.04 61.21 67.25 72.52 71.45 48.04 86.85 93.28 47.74 0.22 
5.73 39.21 32.38 25.15 16.21 93.26 77.06 47.96 32.71 0.55 
16.49 12.03 86.57 83.33 84.83 7.89 9.47 62.93 37.39 61.54 
60.06 32.89 12.31 85.96 2.86 4.70 87.16 73.73 73.09 7.09 

Resultado da matriz B entrada1.in:
44.66 98.53 13.13 99.03 52.12 9.65 18.41 54.82 24.40 79.26 
78.83 48.65 51.22 38.76 31.97 86.27 64.36 33.29 49.32 84.54 
44.93 19.14 86.73 96.10 65.27 88.95 62.37 60.13 11.51 90.94 
0.28 21.64 64.54 46.66 38.30 20.82 76.91 48.62 64.45 25.82 
72.13 77.87 2.90 0.13 41.42 59.41 70.81 58.35 87.56 53.26 
86.73 60.62 64.09 77.80 54.02 14.78 67.92 17.70 34.18 35.27 
60.47 20.83 28.78 70.67 34.23 93.73 96.54 87.12 63.64 92.69 
18.59 99.86 51.17 8.37 87.95 64.99 42.84 82.70 15.52 38.01 
75.83 74.23 37.14 35.52 78.80 73.97 39.25 35.42 94.43 31.81 
38.95 32.81 79.15 3.46 19.93 48.47 77.22 70.66 36.58 71.67 

Resultado da matriz C entrada1.in:
17943.60 23737.80 14114.17 15996.89 18697.10 17564.58 16454.00 17831.67 16385.35 20110.14 
26381.42 21050.77 27295.53 25101.90 24121.14 29106.27 29277.56 22919.76 21266.49 28604.16 
35282.77 39830.47 28954.13 29111.66 33036.67 34161.20 37515.43 33806.03 29734.63 37589.53 
26510.72 31672.32 26515.05 25496.35 26910.96 23229.94 31401.52 28000.33 27074.75 29329.61 
25684.97 30417.63 20929.95 20642.35 27594.06 30866.39 31722.71 29795.32 30118.89 28654.84 
30990.85 35036.11 29720.53 21264.67 29198.81 32700.69 35944.51 32000.02 25641.95 34377.56 
28205.54 29876.06 26116.15 25475.97 30092.70 35559.16 36471.45 32109.46 28076.56 32509.26 
22119.59 19392.39 18469.39 20641.19 19782.56 21969.16 24885.24 19262.99 17431.60 21561.18 
19375.56 24030.27 24222.93 17668.70 24057.57 26514.68 29258.65 27353.01 22421.33 26014.29 
18925.85 24957.53 18955.20 22179.88 24018.75 25252.38 26112.50 26337.72 23032.87 24912.40 

Resultado por coluna: 
251420.88 280001.36 235293.04 223579.56 257510.33 276924.45 299043.56 269416.31 241184.41 283662.96 
Resultado do arquivo entrada1.in:
Valor E: 2618036.854900

Resultado da matriz A entrada2.in:
90.44 16.81 21.51 75.15 94.06 48.84 1.81 17.32 96.21 79.67 
14.27 14.43 1.85 62.90 95.33 57.85 29.25 66.51 76.41 66.22 
47.67 6.00 48.24 84.96 97.15 63.63 94.78 7.96 15.69 38.10 
54.47 95.83 72.13 34.48 54.53 70.53 20.28 5.20 4.41 16.01 
57.79 65.51 9.24 99.24 45.37 34.99 84.81 82.56 94.69 56.00 
74.78 5.94 59.10 14.63 52.82 65.61 61.82 12.23 6.12 47.03 
49.34 2.86 67.36 94.14 5.51 14.79 81.72 25.40 34.91 56.38 
73.21 99.87 55.12 10.13 76.09 16.25 95.70 63.15 6.58 29.64 
61.95 95.42 67.73 35.02 64.91 40.90 64.40 77.19 4.39 84.80 
0.00 57.96 22.21 63.28 79.92 44.92 87.92 34.07 65.21 9.81 

Resultado da matriz B entrada2.in:
12.01 71.76 93.48 47.97 39.31 29.40 31.87 88.53 60.51 34.91 
95.30 83.82 22.69 89.39 91.50 21.03 4.92 32.97 93.79 47.32 
11.76 24.42 15.12 48.27 15.34 18.10 64.01 93.39 23.34 78.14 
37.99 69.41 44.01 90.37 81.89 69.92 18.46 86.33 58.86 61.74 
20.31 84.37 85.29 28.08 16.06 22.53 58.91 46.02 45.88 91.26 
78.12 70.96 58.56 81.17 95.94 43.67 26.27 4.63 9.84 71.25 
43.93 30.01 36.28 55.81 16.46 59.46 58.29 94.17 38.28 86.33 
74.29 0.52 8.57 15.17 41.86 94.84 31.24 37.20 4.44 53.21 
90.13 19.01 94.14 70.32 94.56 65.68 37.18 21.97 75.36 67.68 
23.61 53.06 38.42 26.42 87.80 15.29 45.35 30.39 1.00 72.47 

Resultado da matriz C entrada2.in:
23440.45 31161.52 35683.01 29510.32 34621.07 22195.76 20389.96 26961.82 24246.81 35700.06 
25089.55 24671.20 27344.56 24884.64 30446.70 23906.67 18567.70 20916.74 18144.80 34065.17 
18951.86 28878.88 27520.60 28242.62 24507.29 21312.35 21684.22 31747.34 19541.30 36791.45 
20614.91 27246.05 20465.99 26976.77 24856.27 13875.18 14760.76 23217.29 20340.49 27689.10 
34186.49 30422.20 32164.60 36280.39 39342.60 32681.28 21762.36 33796.23 28928.79 40781.58 
14199.52 21908.23 21740.48 20410.39 18968.12 14428.07 17646.63 24173.27 13320.55 27718.19 
16455.46 19594.72 19809.86 24627.16 23110.72 20505.19 17760.94 30323.08 16693.61 29345.13 
24433.12 27849.20 23601.67 27015.77 23915.38 20947.38 20589.12 31779.65 23799.70 34531.24 
27439.23 31462.79 25121.99 30392.20 32191.11 23485.90 22498.16 32765.07 22944.24 39079.82 
25823.49 24139.57 23880.26 28130.45 26320.09 22699.60 17821.70 24611.61 22228.74 33406.45 

Resultado por coluna: 
230634.08 267334.35 257333.03 276470.71 278279.35 216037.40 193481.55 280292.10 210189.03 339108.19 
Resultado do arquivo entrada2.in:
Valor E: 2549159.778000

Resultado da matriz A entrada3.in:
8.89 15.97 7.36 47.82 25.14 3.48 75.56 6.65 50.33 8.37 
13.75 67.10 62.49 49.63 2.21 10.62 63.78 60.70 14.07 5.39 
73.08 39.00 16.46 66.66 31.26 56.96 1.23 6.16 24.55 31.26 
29.94 89.92 72.01 62.38 60.19 30.33 27.21 33.43 19.51 62.50 
77.18 46.31 93.04 99.17 60.30 44.89 24.85 33.96 86.95 87.46 
67.17 31.94 38.16 90.58 68.04 8.97 22.07 80.67 11.79 84.23 
10.80 64.86 65.97 35.03 45.22 1.12 39.32 58.77 49.48 87.69 
52.48 66.26 55.47 93.18 78.78 42.40 10.58 27.28 56.62 31.01 
84.33 65.75 17.23 4.66 72.92 87.76 40.54 3.47 53.48 17.83 
26.11 24.89 70.03 17.26 17.48 79.53 33.44 28.51 67.32 69.91 

Resultado da matriz B entrada3.in:
76.57 20.68 63.75 67.68 23.85 51.02 96.27 91.18 30.08 44.47 
8.75 0.42 71.80 93.91 13.14 82.41 71.54 10.86 29.29 54.53 
14.06 55.63 85.46 81.16 6.78 15.14 5.16 8.77 96.01 68.61 
68.02 55.91 57.17 78.86 46.32 91.13 90.46 28.76 44.61 44.50 
39.59 17.97 27.25 74.76 79.94 89.47 96.44 38.05 61.16 44.08 
1.35 73.43 34.01 71.78 62.15 81.54 27.98 51.54 75.77 82.54 
71.72 53.19 16.92 77.30 60.21 90.13 8.63 57.94 16.80 25.78 
96.06 32.23 56.35 29.31 12.12 38.35 36.43 55.04 35.32 34.48 
5.76 13.65 91.22 60.07 3.85 86.51 91.70 26.99 6.55 82.70 
19.72 6.55 16.13 60.03 97.46 3.02 75.17 67.66 91.79 74.94 

Resultado da matriz C entrada3.in:
11689.55 8956.10 12258.97 18160.58 10552.35 20216.53 15022.76 10228.49 7978.53 12261.32 
16588.71 12959.38 20163.50 25023.05 9924.23 22073.61 15903.41 12370.05 15334.79 17045.09 
13454.91 11718.44 18577.32 25253.72 14783.53 23273.13 25385.00 16461.60 17390.70 20168.66 
17266.39 14659.69 25888.87 35918.24 20179.73 29182.11 29922.89 18157.33 26712.67 27259.27 
24086.43 20891.84 36712.33 46064.00 26050.34 38583.76 43264.80 27389.63 34338.42 38673.85 
25887.22 14957.54 24527.44 33351.29 23033.69 28067.63 34496.96 24198.44 26530.23 25754.99 
16976.26 12009.23 24161.23 31397.86 18680.72 24567.44 27190.67 17834.96 24081.09 25891.41 
19209.28 16355.68 29140.72 37437.61 19955.20 34966.68 35899.86 19594.72 25391.16 29091.30 
14497.58 13860.14 22855.08 32917.15 18917.98 32553.95 29541.25 21175.82 20224.50 26106.79 
12078.45 15639.57 23045.20 29825.92 17995.78 24207.57 22883.54 18579.45 24529.78 28077.64 

Resultado por coluna: 
171734.78 142007.61 237330.68 315349.42 180073.55 277692.42 279511.14 185990.49 222511.88 250330.33 
Resultado do arquivo entrada3.in:
Valor E: 2262532.314800

Resultado da matriz A entrada4.in:
64.12 45.07 82.23 6.40 79.41 11.98 13.69 6.29 34.18 33.31 
16.36 85.91 5.04 58.97 84.32 91.00 44.89 8.78 64.14 19.43 
55.82 94.69 3.52 50.37 70.83 20.86 72.57 78.77 61.88 74.97 
72.18 98.68 59.06 46.23 72.17 19.80 51.65 1.54 17.51 43.87 
87.15 25.11 72.55 88.86 95.15 35.67 85.85 35.44 43.82 19.16 
51.38 48.03 3.49 9.72 52.05 59.91 20.37 2.45 44.91 83.40 
6.70 7.43 56.43 87.99 77.58 67.80 49.15 35.52 16.45 77.69 
2.36 60.74 25.63 19.70 6.54 62.64 25.69 7.81 64.46 32.93 
4.00 74.53 15.09 58.84 6.35 53.08 23.65 83.01 80.54 71.38 
61.33 2.86 54.61 19.71 7.51 64.64 51.90 69.19 52.27 3.58 

Resultado da matriz B entrada4.in:
14.08 19.38 25.54 91.06 60.62 44.21 47.99 59.53 12.78 24.20 
82.89 36.85 31.05 56.83 85.59 42.99 19.13 89.45 67.80 3.27 
94.47 1.93 98.60 47.11 91.23 83.73 64.19 58.96 76.15 79.61 
26.73 61.46 86.02 43.05 83.46 85.77 45.86 23.96 98.70 7.89 
93.42 62.58 13.73 6.89 40.85 51.66 11.64 64.49 66.59 55.49 
57.40 79.03 78.02 51.76 24.10 18.69 52.32 79.65 5.85 54.45 
23.57 64.34 21.28 35.88 88.90 89.97 82.20 0.12 74.03 41.98 
13.59 68.65 91.99 82.97 85.89 94.60 46.58 46.20 39.81 8.79 
24.49 76.58 22.29 71.96 32.12 47.46 71.67 63.14 66.98 11.03 
87.58 63.33 16.61 53.07 43.13 86.67 15.63 25.37 92.48 85.76 

Resultado da matriz C entrada4.in:
24846.65 15411.43 15905.52 18957.12 23604.91 22868.46 15450.90 22221.00 22760.45 17218.35 
26954.25 29218.65 20427.76 22425.02 27006.82 25550.59 20198.60 28008.35 28150.85 15512.65 
28990.30 33318.09 23060.56 31937.09 37847.54 38617.68 24183.08 28893.69 36797.67 18255.15 
29398.92 21619.77 19602.96 24044.49 32671.79 29867.81 19396.82 26240.87 30709.79 18356.01 
28730.14 29514.80 28274.04 29298.86 39123.59 39027.48 28516.30 27718.62 36129.43 21932.05 
22512.93 21561.48 12417.80 20042.55 18986.12 20695.01 14105.45 20989.24 21281.11 16429.75 
28380.50 27914.21 25860.14 21539.94 29636.36 33458.70 20659.38 21558.79 32473.04 22589.37 
17396.60 18114.80 14393.84 16965.47 17546.34 17023.29 14787.35 18237.22 18422.03 10907.41 
22781.89 28970.20 24314.31 27954.60 29345.35 31000.65 20834.42 24575.78 29845.46 13981.03 
14955.57 20507.91 22575.28 24120.15 24844.24 24699.29 22167.83 19825.71 18388.60 13603.43 

Resultado por coluna: 
244947.74 246151.35 206832.21 237285.29 280613.05 282808.95 200300.13 238269.28 274958.44 168785.21 
Resultado do arquivo entrada4.in:
Valor E: 2380951.634000

Resultado da matriz A entrada5.in:
60.32 22.83 99.38 98.18 36.61 21.75 19.37 8.88 98.14 95.41 
79.82 60.46 97.38 35.41 38.73 17.99 5.92 34.57 30.32 27.18 
94.48 93.65 85.53 53.84 19.01 77.51 35.90 49.32 28.85 73.66 
10.42 17.15 34.52 24.16 36.51 86.82 52.79 0.89 85.53 25.56 
6.03 7.41 45.57 73.25 94.98 91.04 93.61 71.79 65.48 96.53 
51.82 36.03 14.88 45.51 41.70 7.00 73.15 41.70 24.67 95.70 
17.39 26.10 0.49 90.17 97.38 70.01 72.58 56.38 46.01 89.40 
72.97 92.97 64.33 68.40 52.63 10.70 2.88 32.54 37.74 71.87 
12.94 88.37 4.44 75.03 46.17 95.18 14.87 67.30 20.35 22.73 
99.84 95.53 72.27 8.09 2.31 96.66 77.84 3.82 81.31 85.27 

Resultado da matriz B entrada5.in:
48.80 97.14 19.64 96.39 0.18 64.51 2.11 4.26 39.64 87.93 
96.84 11.73 20.15 7.53 98.44 80.46 24.77 12.95 42.08 35.42 
26.51 45.80 63.49 6.54 66.93 47.14 29.58 87.02 25.47 55.23 
91.36 21.68 65.33 63.07 41.50 1.19 2.46 99.17 48.57 71.66 
51.70 80.32 28.67 34.06 66.90 81.58 78.03 26.43 88.89 3.30 
92.56 49.94 55.01 11.03 58.34 69.09 4.49 94.84 68.28 90.35 
70.72 45.00 27.71 96.15 12.99 45.04 7.47 50.62 0.13 65.58 
47.86 20.51 87.14 36.08 42.78 95.65 50.40 65.29 63.13 45.27 
64.42 84.72 41.86 34.41 0.52 0.47 90.20 51.78 86.87 38.80 
17.33 45.68 25.63 49.40 76.94 19.41 89.03 13.30 90.99 72.42 

Resultado da matriz C entrada5.in:
30435.16 30560.67 24478.57 24588.22 24725.70 18638.93 24767.12 29878.47 33160.83 33112.54 
23731.69 22485.54 18524.24 16739.36 21256.58 23164.02 14677.75 20326.62 21869.60 23927.06 
37057.40 29194.57 25887.24 25132.37 31247.15 32409.63 18926.98 29761.76 31788.38 38313.34 
24944.01 21393.93 15918.73 14397.83 15245.66 15684.09 15195.63 22364.36 22179.58 21798.08 
38196.21 32164.99 29742.36 28406.66 30234.07 30246.29 28362.33 36596.02 38944.03 36017.71 
23790.69 21432.15 16388.46 23845.76 19748.95 20035.41 18232.70 17237.11 23837.23 25258.57 
35486.22 27694.82 24573.95 26664.28 27203.48 26552.12 24325.52 29536.84 35316.16 31160.62 
29667.68 24647.02 20294.03 20678.91 27433.27 24989.29 20147.00 21482.21 29046.81 27635.26 
33335.96 17397.07 21488.94 14977.32 25585.64 26143.88 13924.36 25776.52 26678.38 25099.16 
38247.96 33681.99 22465.15 27103.00 28165.91 29974.75 21048.58 27515.93 32089.88 40082.42 

Resultado por coluna: 
314892.98 260652.74 219761.67 222533.70 250846.42 247838.43 199607.98 260475.84 294910.87 302404.76 
Resultado do arquivo entrada5.in:
Valor E: 2573925.388000

Resultado da matriz A entrada6.in:
51.24 89.42 44.92 72.30 31.62 10.49 47.08 69.72 71.18 64.99 
13.83 40.02 87.05 32.29 5.56 71.56 80.12 50.76 5.74 6.36 
36.69 85.83 29.54 7.52 73.71 51.38 55.92 92.94 97.24 75.02 
81.46 11.13 10.61 90.15 88.48 4.24 69.41 8.98 48.15 50.21 
39.02 11.94 46.03 40.43 79.15 98.12 61.61 26.71 74.16 39.62 
64.43 87.86 84.47 84.32 14.87 5.53 41.68 99.87 71.39 82.51 
6.32 15.67 93.41 91.68 9.82 30.26 25.69 12.61 68.48 46.83 
35.03 88.76 72.40 15.95 31.98 98.38 30.14 57.24 7.00 44.17 
82.74 95.59 96.07 73.64 55.19 99.91 74.40 19.98 80.35 94.11 
85.44 1.67 10.59 43.70 59.87 87.42 14.34 1.10 41.74 26.48 

Resultado da matriz B entrada6.in:
45.26 91.20 66.11 70.98 98.16 61.35 61.63 2.23 22.98 93.33 
85.32 75.51 66.29 13.59 55.40 8.01 18.99 73.84 10.43 34.60 
60.95 95.73 58.50 48.32 48.42 66.85 74.93 37.93 22.50 52.78 
90.60 31.08 60.04 44.22 99.30 35.11 26.82 36.36 32.85 69.32 
27.87 18.53 80.07 46.55 57.51 85.00 11.16 60.23 72.57 98.71 
87.33 35.65 15.71 2.00 56.23 84.83 10.02 37.42 61.35 97.71 
86.82 23.50 50.83 73.22 92.71 46.80 56.81 45.72 52.99 24.09 
22.08 92.84 63.81 27.24 69.76 47.55 11.70 5.13 54.31 36.98 
2.82 78.59 63.76 83.15 75.59 76.50 67.69 34.30 2.13 7.71 
42.54 79.05 25.36 18.31 19.54 29.22 88.60 33.51 36.68 19.63 

Resultado da matriz C entrada6.in:
29626.34 37243.04 32008.94 24167.72 37625.18 25841.56 24685.56 20476.14 17250.83 24942.02 
27039.46 23823.46 20006.51 15404.40 26866.70 21453.26 15877.62 14807.93 15796.11 21025.54 
28379.35 39601.37 33879.42 25149.82 38145.79 32468.42 25136.83 23058.28 22120.95 27777.05 
24783.15 24095.87 27752.12 24809.45 35087.45 25667.64 21230.62 16725.17 17979.31 27306.13 
27861.29 27975.64 26939.50 22955.07 34759.44 33021.73 21374.17 19448.66 21475.15 30508.57 
33632.60 46074.36 36500.87 27499.84 42660.73 29568.61 30130.54 21635.17 19296.94 28232.10 
23232.94 25670.10 21351.56 18522.94 26734.35 21787.24 20949.48 14928.85 11900.92 18875.95 
30278.46 31487.64 24249.93 14738.65 28995.92 25282.34 17809.08 18957.64 18581.00 27800.66 
45821.68 48191.31 40403.11 32235.41 50377.52 41344.71 35942.56 30040.78 26264.30 41412.88 
20430.60 20328.83 19301.53 16528.61 26768.98 24692.43 14806.05 12161.98 15242.44 27299.44 

Resultado por coluna: 
291085.86 324491.61 282393.50 222011.92 348022.06 281127.95 227942.51 192240.60 185907.97 275180.35 
Resultado do arquivo entrada6.in:
Valor E: 2630404.328900

Resultado da matriz A entrada7.in:
27.95 13.94 16.00 77.71 13.36 94.55 42.73 60.19 62.79 50.81 
85.32 55.74 44.40 77.32 8.96 95.87 44.61 34.60 61.63 31.74 
99.26 82.93 51.42 13.65 73.15 47.59 99.54 85.43 95.62 75.55 
11.71 95.55 32.29 67.93 44.99 19.95 77.01 88.80 96.53 46.21 
69.45 32.68 99.17 12.46 32.39 54.43 10.49 50.94 30.17 39.74 
68.11 21.97 12.09 78.60 63.24 82.84 69.14 4.20 32.16 67.16 
8.73 11.18 22.61 65.04 30.56 30.51 67.51 48.32 60.78 92.75 
54.26 59.75 41.64 96.25 32.15 41.40 88.52 11.10 65.28 66.47 
84.96 98.04 47.99 36.59 29.80 87.84 7.98 59.00 14.07 25.99 
22.18 91.10 22.02 72.39 82.38 86.19 86.37 23.85 88.11 45.17 

Resultado da matriz B entrada7.in:
43.84 1.02 82.13 2.97 20.79 96.43 49.87 5.23 42.78 62.24 
68.01 95.55 38.70 40.26 81.85 95.77 69.49 79.04 62.34 1.82 
65.49 77.15 36.83 38.78 61.53 55.29 54.50 36.44 21.77 22.54 
14.17 83.36 66.63 40.80 49.93 63.14 42.92 29.78 75.20 9.88 
25.16 70.79 66.06 75.39 35.97 46.50 66.29 86.33 44.78 65.93 
71.80 8.13 73.89 91.00 61.52 41.86 68.63 17.87 21.92 78.57 
89.24 7.08 6.45 93.50 23.58 96.46 39.56 59.12 97.02 64.11 
55.05 97.75 20.15 62.42 59.93 99.01 17.58 9.75 3.02 78.78 
60.74 24.51 82.83 15.79 37.80 90.92 37.40 20.58 7.82 0.66 
27.99 67.97 9.28 72.12 30.50 42.43 76.66 94.10 1.10 90.38 

Resultado da matriz C entrada7.in:
23809.93 21965.87 23631.82 26454.73 21421.81 32346.49 22936.45 16174.71 15801.98 23317.85 
29161.12 24063.45 30011.57 26366.64 25572.02 40011.20 28151.36 18488.93 21357.99 23794.77 
40318.43 35229.62 33498.38 37628.06 31641.48 56571.72 37023.88 32314.49 26627.15 36187.67 
31570.78 35374.88 25531.53 30712.82 28484.30 46239.25 28010.96 26807.19 23266.17 23008.30 
23346.69 23112.70 21574.67 20774.08 21009.07 30365.90 23041.95 16177.22 12199.02 21449.66 
24159.16 21056.96 26242.83 29146.77 20399.76 33570.19 27993.53 22923.97 22151.03 26860.97 
21477.39 23649.82 17893.39 26063.98 18325.50 30725.14 22259.30 21314.52 15763.99 22685.49 
28650.82 27442.59 26716.92 29093.74 24337.28 40955.26 29464.96 25845.25 25743.06 23347.97 
26652.53 26965.78 26083.39 24318.88 26095.06 36601.67 27111.07 18956.41 17893.63 23293.73 
33533.77 31165.52 31547.15 35808.16 29326.78 44710.40 33714.04 30329.34 27319.75 26517.79 

Resultado por coluna: 
282680.62 270027.19 262731.65 286367.86 246613.06 392097.21 279707.51 229332.03 208123.75 250464.21 
Resultado do arquivo entrada7.in:
Valor E: 2708145.087600

Resultado da matriz A entrada8.in:
42.32 83.79 24.03 89.31 37.89 98.65 40.17 62.49 46.86 13.28 
89.55 23.65 73.18 28.74 80.70 13.74 2.48 53.27 51.43 10.40 
84.60 57.77 78.71 78.76 58.44 56.47 51.80 64.25 50.92 99.82 
62.64 56.17 12.61 96.15 56.06 8.93 67.65 70.97 37.00 25.47 
44.33 94.96 13.10 73.15 3.72 49.17 37.57 34.01 19.82 69.75 
89.77 20.56 94.42 5.31 43.30 30.39 63.24 87.29 87.60 96.90 
85.98 59.22 55.46 75.74 28.44 2.17 73.74 25.68 17.30 51.60 
12.82 51.28 58.39 57.45 51.05 87.36 3.47 10.59 93.86 85.73 
82.39 91.56 14.68 24.31 51.75 91.63 9.94 91.68 33.00 13.85 
6.01 21.09 48.32 20.93 70.06 66.52 45.09 60.11 30.36 42.81 

Resultado da matriz B entrada8.in:
64.85 96.73 80.88 41.65 40.55 50.46 8.24 8.56 8.28 1.30 
86.19 82.84 29.95 95.59 31.90 92.95 75.88 69.07 28.62 73.69 
17.75 67.25 51.27 33.11 8.86 41.46 6.76 30.35 71.78 46.02 
68.90 98.95 78.19 55.59 81.80 28.51 55.47 28.59 27.14 70.35 
0.12 81.06 40.64 93.11 42.39 13.62 29.63 9.60 34.64 19.68 
44.99 19.52 98.99 11.25 13.33 12.66 97.46 72.37 10.66 48.04 
57.14 66.39 29.75 99.64 92.70 32.36 69.03 88.19 2.51 45.68 
37.09 34.34 55.58 24.17 24.72 21.34 38.39 73.20 15.24 84.07 
94.68 95.15 71.84 34.25 87.31 45.24 41.79 11.96 38.35 14.14 
59.87 48.50 27.73 70.42 97.54 1.43 74.96 58.97 32.45 22.72 

Resultado da matriz C entrada8.in:
30833.96 36400.63 33855.66 28223.30 25483.79 20003.60 30685.95 26395.79 12542.54 27155.96 
19362.22 32588.17 25607.66 21708.15 18040.52 15402.06 13496.67 12558.29 13521.00 15052.24 
35976.98 47226.67 38269.50 37594.43 36215.74 22151.97 32869.50 29769.44 19068.68 28148.61 
27686.39 37477.13 27396.82 30577.79 28544.44 17936.41 23578.27 21837.49 11174.85 23255.88 
28005.24 30465.96 24205.24 26479.38 24597.03 17303.15 26575.20 23174.48 10299.53 21679.93 
31954.40 41595.76 33613.68 31734.26 32927.68 19492.18 26118.36 26549.63 18070.07 22330.12 
26877.15 36720.64 25158.62 30155.37 27311.05 18507.27 21499.49 20737.67 12365.91 19964.55 
28792.76 34625.62 30592.85 26152.33 27841.42 15980.50 28599.76 21137.88 16575.41 20049.42 
27220.74 32550.48 31379.01 25182.39 19215.34 19625.32 26160.81 24096.93 10922.67 23603.18 
17751.84 24649.26 22714.20 22301.46 19405.40 10836.57 21594.35 20323.81 11408.53 18347.54 

Resultado por coluna: 
274461.68 354300.31 292793.23 280108.85 259582.41 177239.04 251178.37 226581.39 135949.18 219587.43 
Resultado do arquivo entrada8.in:
Valor E: 2471781.876000

Resultado da matriz A entrada9.in:
76.68 96.17 99.59 66.89 94.32 4.54 19.04 4.46 78.74 40.27 
80.93 71.06 42.81 3.26 26.25 98.55 45.47 72.97 6.90 38.53 
22.94 7.94 99.63 92.29 89.85 56.21 78.79 27.72 61.30 99.39 
7.97 94.05 96.19 54.03 9.92 8.84 87.15 30.38 30.22 67.71 
7.75 92.38 55.71 10.68 53.09 59.60 59.54 17.55 73.71 10.34 
64.18 18.03 85.48 41.67 23.08 38.30 35.82 20.42 5.31 62.58 
92.22 71.51 76.88 59.01 60.21 87.76 92.58 79.29 6.20 97.81 
80.87 64.67 22.84 10.27 15.72 38.60 46.09 63.74 97.22 75.09 
96.63 37.88 21.16 69.79 88.66 13.20 6.77 88.80 61.50 59.29 
74.97 89.21 58.52 47.08 27.23 17.23 38.55 63.11 23.32 42.64 

Resultado da matriz B entrada9.in:
51.07 84.09 84.24 89.46 26.48 27.53 46.16 26.04 20.73 12.99 
48.82 22.38 89.37 1.12 22.44 28.73 51.13 34.88 89.23 86.68 
71.13 21.17 81.47 74.53 72.38 53.21 20.27 59.09 65.61 74.39 
57.02 64.60 67.98 48.09 21.86 77.92 99.50 62.32 49.36 86.21 
74.91 94.47 18.54 56.35 67.82 74.76 37.38 36.04 36.37 65.09 
75.42 2.27 44.64 59.93 52.97 67.78 88.61 25.07 67.34 42.86 
16.17 62.05 7.51 10.44 40.75 53.15 70.07 42.66 23.54 12.27 
51.79 6.92 92.83 99.12 17.93 98.86 62.61 43.70 64.53 66.04 
81.71 71.03 79.66 21.54 20.33 82.23 64.40 15.57 23.66 69.93 
60.19 31.22 80.74 92.96 80.58 0.13 82.24 68.13 90.89 67.62 

Resultado da matriz C entrada9.in:
36313.45 32012.86 39747.21 29274.11 25197.94 30677.22 31054.97 23894.35 30001.89 37598.55 
27629.52 17235.54 32539.32 29490.14 20314.21 25646.61 29642.70 18596.52 28023.47 25073.68 
38579.02 31331.39 37280.69 36486.34 32048.16 35861.01 40384.52 29458.76 33456.62 38416.37 
25858.49 19137.25 32513.64 22540.82 21772.41 23719.73 29179.88 23247.19 29372.42 30861.32 
26466.30 19113.51 26601.32 16935.97 18374.21 25634.71 25406.75 15948.08 23748.22 26926.53 
23068.95 17264.06 26592.56 26062.15 19772.51 18768.96 23296.71 18506.69 21997.42 21882.62 
40160.44 30469.31 45915.11 43601.77 32835.17 37013.59 45264.70 31660.90 40681.54 39302.99 
30096.11 23518.14 37235.96 28575.90 19629.33 26646.59 32188.99 19266.67 26946.72 28569.25 
33208.05 29589.39 38206.99 35116.11 21074.03 32038.84 33124.78 22129.74 27063.35 32723.29 
26734.06 21008.90 34978.72 27123.36 18623.84 24823.95 28098.23 20539.77 27235.58 28784.41 

Resultado por coluna: 
308114.39 240680.35 351611.53 295206.68 229641.80 280831.21 317642.21 223248.66 288527.25 310139.00 
Resultado do arquivo entrada9.in:
Valor E: 2845643.082300

Resultado da matriz A entrada10.in:
23.01 85.87 41.53 96.17 19.65 62.79 85.45 2.17 71.46 14.51 
57.66 16.39 42.84 52.32 74.71 46.49 73.32 36.14 37.33 83.56 
50.45 36.87 90.90 5.62 36.71 65.45 89.82 84.32 18.88 16.44 
60.63 93.33 47.30 99.84 15.83 40.17 80.28 5.71 18.62 85.07 
85.02 52.74 36.89 6.55 77.75 99.89 38.93 22.85 75.22 69.42 
57.61 59.37 90.64 60.60 78.97 67.63 0.72 38.36 13.96 91.42 
71.43 32.61 88.06 46.63 28.67 57.37 81.16 27.23 33.87 83.11 
85.03 27.85 75.65 73.40 13.17 82.37 60.14 98.48 21.97 63.01 
16.72 39.97 88.66 20.73 5.04 85.42 59.12 27.34 29.53 74.94 
70.08 31.82 23.30 82.44 27.45 97.43 17.88 93.57 6.13 31.12 

Resultado da matriz B entrada10.in:
69.68 54.28 32.34 14.13 39.40 7.09 49.39 91.72 21.73 68.48 
70.17 43.39 6.36 48.12 2.79 76.23 99.83 52.83 69.18 96.08 
59.04 17.60 95.60 84.16 33.04 16.55 21.11 94.79 48.94 44.02 
26.20 25.25 55.29 9.24 48.57 32.59 13.01 19.08 61.03 76.46 
7.92 1.80 4.47 60.04 42.04 58.68 24.83 45.80 65.06 56.65 
64.89 24.29 90.95 38.04 98.14 50.57 59.04 37.15 3.97 19.97 
1.77 17.78 12.63 10.77 21.66 94.37 7.18 67.98 13.57 54.63 
23.04 20.82 60.58 97.64 7.68 13.61 97.31 39.10 46.01 39.67 
67.34 5.75 4.72 25.18 29.79 81.52 35.54 87.96 12.36 12.71 
5.25 32.02 56.23 64.54 24.56 22.92 90.79 19.94 51.96 64.32 

Resultado da matriz C entrada10.in:
21920.03 12134.63 18740.25 16277.30 18530.27 29110.30 20713.51 28119.85 18766.52 27970.27 
16591.27 12126.03 21509.63 22597.64 19007.45 23176.72 23625.24 27709.45 20182.62 27858.43 
19613.70 11723.33 24239.65 25619.70 16892.73 21859.60 23953.82 30802.92 17272.77 24364.29 
20888.21 16075.52 22551.83 20110.94 18095.74 25662.76 26891.08 28112.26 23374.03 34854.54 
25097.34 14107.46 22540.81 24397.05 23070.20 26768.82 29635.19 33018.41 19272.55 27867.83 
22438.43 14432.42 28299.78 29178.11 21302.01 20286.68 29961.92 28897.46 25597.14 31715.71 
21124.23 14330.44 26367.90 24073.79 19932.44 23248.55 25329.76 32174.00 20147.87 29526.37 
23903.57 16296.65 32140.08 28393.78 22390.83 21559.16 31238.32 32632.62 22032.84 31356.16 
18446.72 10999.38 24964.67 22251.15 17512.20 19999.97 23063.89 25028.70 15718.69 21974.26 
19954.86 13390.03 25911.42 22090.00 20392.47 16706.45 26913.02 22800.88 18309.00 25454.35 

Resultado por coluna: 
209978.34 135615.90 247266.02 234989.46 197126.33 228379.01 261325.75 289296.55 200674.03 282942.20 
Resultado do arquivo entrada10.in:
Valor E: 2287593.602200

Resultado da matriz A entrada11.in:
75.98 36.62 52.75 58.16 12.22 87.69 48.20 23.56 95.40 63.20 
96.85 64.86 64.35 32.67 31.49 51.58 47.39 20.99 15.79 67.79 
53.54 0.01 26.23 10.22 63.73 94.59 10.58 97.74 93.82 93.24 
31.44 82.30 35.02 81.50 33.48 81.87 2.81 40.81 5.02 55.20 
27.49 80.37 59.29 63.52 11.08 28.94 52.10 24.40 64.05 90.50 
53.24 37.08 5.29 41.10 32.96 83.11 97.63 49.56 44.64 60.56 
73.88 50.77 50.27 17.66 32.60 16.38 84.05 98.89 35.39 52.19 
87.35 30.36 50.31 44.94 48.04 2.21 92.05 50.42 32.68 8.16 
28.77 6.64 82.04 53.69 95.57 40.34 44.71 70.94 54.14 89.02 
70.43 75.62 48.26 56.80 94.17 49.74 94.55 90.28 60.95 98.07 

Resultado da matriz B entrada11.in:
53.38 94.97 61.64 44.68 31.85 70.01 28.46 16.77 24.24 9.70 
41.58 44.35 14.86 16.26 81.14 85.34 4.79 84.66 96.80 34.79 
65.56 32.45 54.48 22.78 73.84 48.66 42.44 2.08 30.70 86.12 
84.72 98.88 51.34 54.47 14.40 78.31 97.11 77.51 59.51 30.84 
35.30 51.30 75.05 38.57 75.25 69.11 49.68 99.00 54.06 0.69 
98.78 0.95 41.29 99.01 81.81 37.68 11.40 98.38 45.89 96.72 
14.65 83.63 85.35 15.40 93.67 61.91 98.13 39.39 43.38 92.24 
71.30 92.82 22.91 73.20 80.69 92.46 86.28 61.24 63.28 16.08 
96.77 99.94 42.38 85.85 28.78 9.99 60.54 34.82 97.07 2.29 
28.47 75.66 75.88 90.90 16.58 98.64 35.97 10.78 88.96 15.68 

Resultado da matriz C entrada11.in:
36474.58 37546.50 29117.46 33915.20 28426.77 32064.03 26642.63 26173.39 33616.35 22871.56 
26708.82 31675.95 26948.48 24732.77 27869.95 33844.29 20978.79 22405.98 27562.54 20563.71 
35894.49 36694.01 28135.99 39217.42 29447.87 33620.90 26378.82 28034.74 34543.90 16510.93 
28578.10 26327.40 20722.24 25856.48 25271.68 32151.94 19372.60 28633.31 28323.11 18431.59 
28605.12 34846.17 25993.82 26951.90 26083.68 33547.17 25083.08 23008.21 34045.84 19698.23 
28593.50 34514.38 28091.53 29309.44 30399.11 32823.33 27230.78 27756.00 30175.85 22444.80 
26808.11 38027.10 26975.98 25428.16 31968.23 36052.80 28800.38 23011.05 29795.63 19205.88 
23283.11 34446.42 25595.91 18717.75 27169.88 29568.97 27197.57 20535.91 23055.44 17373.30 
32583.95 38408.65 32426.73 32488.15 31724.16 37551.13 31741.79 27757.13 33674.77 19983.37 
39629.68 51901.40 40294.33 39338.23 43437.30 51046.24 39461.10 38734.85 45717.61 25947.99 

Resultado por coluna: 
307159.46 364387.98 284302.48 295955.50 301798.62 352270.79 272887.54 266050.57 320511.02 203031.36 
Resultado do arquivo entrada11.in:
Valor E: 2968355.331400

Resultado da matriz A entrada12.in:
26.25 68.86 31.54 20.28 61.75 57.41 22.84 7.97 72.50 39.40 
8.37 57.96 86.67 26.26 15.41 95.41 18.15 79.49 69.00 77.82 
75.86 23.49 70.82 46.94 32.37 87.41 74.44 37.12 11.63 39.79 
4.34 20.75 49.00 24.70 52.54 52.79 40.27 28.63 9.26 57.94 
63.44 35.37 40.24 49.52 87.40 83.43 74.03 18.75 55.95 97.59 
49.49 38.89 28.18 52.90 44.62 84.07 58.71 96.99 95.98 3.82 
38.86 77.65 41.48 92.97 43.90 56.92 91.47 33.20 65.38 62.10 
52.46 69.10 17.66 9.12 16.64 46.54 50.75 71.92 23.64 41.18 
54.49 62.45 48.96 17.14 86.31 76.38 77.97 0.46 15.10 10.31 
26.08 38.29 84.09 21.59 73.14 78.79 15.92 77.64 40.94 78.26 

Resultado da matriz B entrada12.in:
26.06 16.55 3.17 54.19 79.64 2.05 73.40 34.09 50.07 68.75 
73.98 55.89 91.32 53.31 78.83 10.56 41.26 64.96 43.18 67.74 
82.70 80.07 62.66 16.12 26.85 40.99 83.95 88.26 79.93 10.57 
28.20 66.69 98.30 66.94 48.33 68.82 55.00 90.18 67.06 30.45 
43.70 44.79 17.85 5.96 78.15 6.59 87.72 28.86 54.94 80.02 
80.48 36.35 1.26 53.68 85.36 13.28 58.09 7.76 94.13 24.25 
80.82 84.20 54.12 6.08 59.38 62.91 86.99 26.87 77.80 7.62 
68.72 91.26 82.98 54.28 63.79 5.96 61.89 16.68 54.74 28.65 
12.91 56.50 42.34 90.19 66.97 82.34 22.25 61.04 75.15 84.39 
46.90 87.60 79.03 28.85 29.56 50.41 99.58 91.93 93.81 65.11 

Resultado da matriz C entrada12.in:
21454.89 23211.70 19596.79 18656.12 26956.68 14078.98 25299.45 21002.28 28322.95 22839.59 
32236.14 35725.24 30376.76 24805.12 31250.00 18577.57 34403.24 28432.49 39686.89 23069.63 
29927.97 29794.65 22871.24 19196.30 30797.55 15778.70 35975.45 23195.25 36057.43 18897.32 
21000.57 22676.64 17937.55 11237.18 19653.31 11370.92 25572.83 17425.27 25373.36 14139.47 
32098.95 36153.10 28129.40 23615.81 37489.91 21540.29 43293.99 30335.95 44041.40 29884.61 
29533.26 33383.56 27167.85 27917.51 37197.53 19085.37 32935.92 22816.34 37770.19 25129.31 
32739.40 38405.32 35188.85 26500.96 36875.91 24509.41 39459.50 32833.82 42291.10 27303.13 
23949.99 24969.09 21805.13 17551.65 26214.84 10560.20 26341.52 17291.53 26453.47 18335.39 
27502.84 24461.03 17977.28 14991.43 30645.61 12211.63 31810.90 18837.06 30612.40 20327.60 
31433.66 34479.11 27597.96 21181.91 31791.18 15699.15 37627.74 26883.61 38469.94 24592.46 

Resultado por coluna: 
281877.66 303259.45 248648.79 205654.01 308872.52 163412.20 332720.53 239053.59 349079.14 224518.51 
Resultado do arquivo entrada12.in:
Valor E: 2657096.399100

Resultado da matriz A entrada13.in:
31.99 46.53 24.59 9.99 26.93 90.73 83.77 33.15 32.13 52.13 
69.55 54.21 13.46 14.58 79.79 70.10 78.16 63.54 27.24 54.53 
18.96 26.53 26.11 68.10 24.21 24.46 28.78 19.41 76.33 52.08 
65.22 18.95 90.34 50.69 58.56 22.28 4.01 82.30 12.02 41.37 
75.17 35.03 47.54 97.24 39.49 32.56 23.02 52.65 36.54 34.47 
62.56 75.66 57.09 49.22 12.42 11.87 59.46 91.06 52.40 30.91 
89.14 48.12 17.52 29.05 58.15 4.20 71.80 38.81 89.87 55.53 
29.66 93.88 64.84 47.16 24.29 59.65 44.59 29.13 63.58 70.21 
73.75 41.96 7.32 29.48 19.36 2.01 2.95 41.18 31.88 34.07 
18.46 72.14 5.53 27.69 63.49 90.88 24.84 84.31 68.66 80.87 

Resultado da matriz B entrada13.in:
2.34 40.57 29.82 75.60 70.62 19.40 8.43 54.65 96.33 34.59 
83.77 47.07 13.83 91.81 1.23 20.04 57.61 13.86 95.88 98.65 
2.69 58.10 12.12 76.08 98.62 67.81 91.66 40.56 49.83 89.03 
6.10 7.63 23.72 1.18 12.51 35.15 20.45 77.32 58.53 92.56 
68.11 89.11 77.81 68.79 65.09 82.71 19.41 87.94 13.88 64.25 
40.52 92.12 97.70 45.07 75.89 15.95 1.04 7.78 86.27 57.51 
36.91 74.08 32.61 54.97 50.19 23.42 23.67 6.20 37.03 28.13 
93.95 8.94 0.67 24.38 94.82 41.83 25.15 91.58 29.45 55.79 
16.30 73.39 98.79 12.87 83.92 0.76 87.61 22.39 80.46 77.75 
80.70 10.06 86.53 64.15 98.71 46.67 2.71 58.52 2.70 39.37 

Resultado da matriz C entrada13.in:
20547.35 25135.18 23531.07 23685.36 28694.58 13052.07 11798.29 14562.35 24358.19 24515.13 
26803.06 28740.13 26390.80 29618.64 34617.89 18632.38 12845.23 23892.22 27680.98 29467.67 
13725.37 16896.51 20136.25 15082.27 23061.94 11430.80 13967.26 16760.46 20022.74 24740.62 
18598.17 18775.34 16190.65 23671.30 32772.41 20227.99 15448.46 26985.56 21954.06 29171.63 
17013.87 19925.36 19241.01 22045.08 28914.46 16965.49 14961.91 25566.17 27453.30 31481.58 
22363.45 21367.53 16748.68 25612.54 31533.38 16231.82 19751.10 23463.39 29385.82 32790.84 
20837.20 25509.73 25210.72 26325.42 32856.08 15744.22 17556.23 22902.77 28125.96 29415.30 
23552.12 26344.81 25635.06 28692.98 32568.57 17059.50 20648.20 20274.99 31147.02 36003.13 
12533.98 10796.75 11491.59 15203.92 17854.38 8843.47 8681.55 15403.58 17638.85 17630.63 
30760.05 27152.97 30738.26 26427.98 36299.21 17787.72 15654.42 24809.27 28458.24 34040.78 

Resultado por coluna: 
206734.61 220644.30 215314.09 236365.50 299172.89 155975.46 151312.65 214620.76 256225.16 289257.31 
Resultado do arquivo entrada13.in:
Valor E: 2245622.735100

Resultado da matriz A entrada14.in:
14.92 65.02 5.87 41.85 34.71 12.14 41.22 72.79 75.88 46.26 
60.44 45.14 15.03 18.70 74.57 7.88 1.73 42.06 60.36 92.46 
59.56 13.00 79.85 32.06 26.78 32.86 75.77 52.42 81.70 12.07 
79.72 47.33 45.42 39.57 78.83 4.37 40.69 89.71 6.21 77.32 
52.10 70.79 39.22 21.72 44.34 31.76 6.79 9.03 73.00 60.51 
84.16 40.76 37.81 47.44 55.24 28.59 34.99 38.26 73.59 98.18 
45.30 94.51 61.55 6.34 55.19 37.39 35.77 15.25 10.14 69.65 
39.97 24.25 48.62 51.22 22.50 92.67 32.38 71.93 93.29 27.48 
48.64 40.36 93.07 61.03 22.30 21.61 79.45 86.28 60.90 50.82 
40.94 1.24 32.24 17.25 54.96 25.02 12.65 90.57 25.51 60.99 

Resultado da matriz B entrada14.in:
81.33 12.13 79.50 41.39 40.43 73.32 37.26 56.69 51.73 46.57 
21.71 11.33 89.02 90.66 53.03 65.87 36.29 0.67 79.93 6.20 
88.31 52.77 58.61 98.61 86.44 70.08 67.81 41.56 35.32 22.89 
35.39 28.23 68.28 91.00 73.49 20.61 81.24 38.91 85.36 52.72 
32.22 80.99 55.73 8.91 5.82 32.92 22.60 16.42 40.07 42.13 
56.14 26.89 39.64 80.76 52.84 0.84 58.32 35.66 6.43 57.11 
26.41 56.00 53.72 42.93 31.37 58.87 51.84 29.42 0.09 19.52 
46.71 88.04 4.23 70.10 67.79 73.93 20.29 45.25 53.87 18.84 
76.28 24.28 12.53 22.12 62.93 16.60 65.04 65.69 28.87 31.47 
67.04 92.39 86.37 65.39 76.35 24.53 16.00 81.28 53.03 93.67 

Resultado da matriz C entrada14.in:
19802.41 20379.53 20059.89 23764.70 23012.26 18005.90 17495.03 17015.58 19786.12 14491.39 
23542.79 22624.69 24462.17 21482.42 22124.49 17786.37 14921.60 19748.60 20812.06 19402.56 
27510.89 20998.01 21914.65 26851.53 26241.29 22377.38 23730.19 20511.78 16790.87 15545.47 
26630.03 28990.16 29802.66 29954.39 26908.86 26587.45 18589.59 21377.57 25191.65 20624.88 
23444.12 17100.14 24499.33 23874.26 22822.01 16928.87 18039.88 17658.70 19376.98 16857.82 
31039.05 26245.28 31429.65 30257.23 29969.29 22843.82 22896.05 25717.04 24789.02 24414.81 
22373.04 20549.41 28741.65 27984.33 23038.34 20949.17 17171.94 15745.30 19875.58 16727.97 
28984.41 22035.33 22196.72 31285.66 29757.20 19256.12 25385.66 22539.07 19621.12 19562.40 
31323.50 28287.84 28966.51 36476.77 33962.34 28070.70 26953.79 24536.65 24379.61 19890.13 
20588.88 22759.35 17137.26 20510.61 20215.92 16888.70 12987.72 17230.94 16042.16 15775.01 

Resultado por coluna: 
255239.11 229969.73 249210.49 272441.90 258051.99 209694.48 198171.44 202081.24 206665.17 183292.44 
Resultado do arquivo entrada14.in:
Valor E: 2264817.989400

Resultado da matriz A entrada15.in:
97.09 28.14 66.45 83.46 32.66 93.51 22.37 43.08 74.60 48.50 
95.24 3.63 24.36 92.29 92.37 96.41 46.76 55.64 21.90 10.54 
56.03 5.78 92.00 39.66 60.39 69.08 15.24 71.91 61.63 20.05 
52.68 46.51 45.53 15.66 95.26 20.03 81.78 33.74 78.72 92.91 
63.61 99.78 86.70 69.99 86.89 4.38 58.02 89.03 55.05 21.02 
83.94 5.64 72.38 38.02 63.31 93.26 44.44 5.30 15.26 29.01 
16.85 39.26 87.81 81.94 86.02 48.69 96.53 85.20 44.76 75.07 
59.20 85.03 65.90 34.32 17.15 33.85 53.24 63.40 5.96 87.43 
98.35 12.47 41.50 19.85 26.94 44.85 67.29 88.84 72.74 16.41 
42.49 26.95 73.41 87.31 37.26 74.87 62.39 34.55 89.06 40.15 

Resultado da matriz B entrada15.in:
52.84 52.19 65.92 3.37 19.71 78.61 72.56 8.98 49.95 29.86 
22.03 74.36 94.60 91.83 66.83 50.19 19.54 90.84 47.46 74.66 
17.04 79.90 13.87 88.62 34.69 49.08 24.75 44.19 87.87 54.06 
22.57 25.41 11.67 26.58 13.52 76.83 56.55 25.69 94.65 32.29 
34.33 37.58 60.34 77.47 73.84 53.96 41.30 37.52 50.15 63.63 
67.91 98.76 99.75 45.93 40.29 74.74 14.12 85.74 98.14 74.71 
98.79 19.39 62.09 44.12 24.07 27.44 98.78 20.97 53.17 43.94 
99.17 20.13 81.57 40.79 72.66 3.22 97.74 14.59 83.58 23.08 
17.51 4.67 81.24 17.34 93.60 28.92 29.01 6.11 58.98 42.82 
64.97 5.61 72.19 73.55 29.96 15.46 99.19 65.80 43.82 15.37 

Resultado da matriz C entrada15.in:
27177.11 26973.52 36720.89 25448.48 25511.16 31129.25 30023.43 22496.31 42053.81 26268.58 
28534.29 24712.78 33208.94 22337.74 22451.48 30403.76 29717.63 18984.00 38789.46 24930.69 
23333.84 22947.71 29780.00 23927.00 24421.82 23420.79 24478.30 17365.90 36053.02 22638.81 
28407.81 18955.40 37365.02 30382.35 28350.52 22616.21 33836.15 21205.49 32947.16 24741.26 
28787.22 26435.31 38185.85 34545.36 32116.27 28452.61 34434.39 23135.30 41637.14 29436.52 
22225.64 24341.41 27162.84 21988.92 17240.77 25867.86 22301.86 18824.16 31723.74 22238.26 
35007.05 25155.11 39045.10 36553.77 30376.00 27559.10 39644.27 25585.60 45451.79 29216.62 
27118.03 22364.36 32945.19 29112.29 21295.03 21436.99 31015.96 23426.07 32526.14 21808.63 
28394.99 18847.04 33088.25 18889.79 23651.00 21214.67 30343.51 13447.48 32794.78 20191.22 
26181.75 23646.34 33929.77 26428.89 25684.40 27629.65 29065.87 21132.46 40549.28 26002.50 

Resultado por coluna: 
275167.73 234378.99 341431.86 269614.58 251098.44 259730.89 304861.38 205602.77 374526.32 247473.09 
Resultado do arquivo entrada15.in:
Valor E: 2763886.046400

Resultado da matriz A entrada16.in:
94.95 81.24 48.87 87.59 85.29 41.01 27.98 15.51 17.88 6.98 
36.22 96.88 41.62 68.37 96.35 26.43 83.07 19.83 47.06 42.84 
87.84 86.66 82.01 17.52 41.24 50.29 98.99 17.91 61.38 80.09 
73.06 52.08 66.71 92.13 29.34 97.17 70.35 83.53 88.01 5.29 
77.07 59.75 6.28 18.19 66.99 81.40 5.85 0.23 57.92 36.38 
79.86 55.49 21.39 54.10 92.11 91.69 71.02 96.29 31.14 1.49 
65.82 41.23 67.42 46.76 86.83 15.17 21.22 67.42 61.73 4.05 
85.96 26.56 50.22 85.33 89.86 83.06 20.24 29.40 18.76 16.05 
11.83 22.32 6.41 74.19 15.31 25.52 79.51 60.29 26.97 15.67 
36.98 73.56 74.03 96.93 79.65 50.42 48.72 74.54 66.00 74.33 

Resultado da matriz B entrada16.in:
31.51 85.62 2.97 92.28 94.59 95.82 9.69 39.83 24.87 76.55 
52.26 97.53 51.23 59.69 23.33 2.07 84.39 69.39 36.13 19.82 
24.15 65.33 36.56 17.60 95.45 15.00 24.64 53.27 87.12 96.62 
98.98 69.34 89.91 25.25 56.45 59.81 12.76 14.48 32.83 60.28 
29.27 28.05 43.33 32.30 97.28 92.95 78.14 82.67 57.07 92.13 
52.03 46.64 80.61 64.12 96.76 92.25 55.72 82.98 57.14 28.55 
42.73 2.20 87.84 39.44 92.83 9.96 87.56 13.67 17.77 31.13 
6.76 91.61 0.73 60.58 40.88 13.34 13.15 7.00 52.46 96.96 
30.06 92.17 62.05 36.31 35.19 96.41 47.39 2.48 65.62 6.05 
3.19 91.16 86.98 69.38 45.17 34.27 23.79 96.37 84.32 20.71 

Resultado da matriz C entrada16.in:
23577.71 33390.94 25292.92 25244.01 36926.80 29397.56 22714.62 24952.71 22713.25 30536.54 
23406.86 34187.18 33002.52 25549.37 37561.83 26875.64 30209.77 27050.23 26497.27 28147.39 
21286.53 40864.58 34598.00 32495.52 43724.34 29233.94 30150.56 31065.80 31742.19 29505.01 
27901.61 43837.29 34873.21 31926.75 45231.66 35791.75 27184.14 24174.66 31615.16 35032.46 
15807.81 28462.11 21891.58 23503.24 28937.27 29318.69 20071.72 23837.47 20678.40 18591.24 
23380.80 36241.74 28478.87 31146.83 43468.79 33388.78 27976.35 26042.95 26608.90 35411.17 
17046.99 32728.55 20057.76 22123.11 33258.52 26871.43 19771.58 19493.56 24663.70 31276.23 
22385.94 31472.53 26072.56 25158.54 39605.34 33115.80 20480.04 25574.37 24634.70 31679.36 
15478.99 19984.94 20868.55 15395.63 21900.71 14223.87 15126.73 9904.97 14093.46 17387.14 
26152.92 46278.75 37709.92 31349.97 43628.85 33048.20 28802.42 31207.53 36010.29 36744.87 

Resultado por coluna: 
216426.15 347448.60 282845.90 263892.97 374244.11 291265.67 242487.94 243304.25 259257.32 294311.41 
Resultado do arquivo entrada16.in:
Valor E: 2815484.308400

Resultado da matriz A entrada17.in:
3.69 12.51 8.67 99.25 29.57 82.84 76.74 53.14 24.22 53.69 
39.39 96.15 18.92 4.55 76.25 26.32 46.39 35.06 58.86 32.87 
43.66 24.71 92.77 85.17 51.38 86.42 30.35 57.48 79.14 3.08 
91.30 92.37 21.27 43.79 13.27 18.08 46.42 79.38 71.64 55.22 
55.94 65.85 29.74 33.60 88.89 20.31 19.12 68.92 91.64 23.56 
91.41 64.37 36.43 76.59 60.83 82.15 77.99 52.58 25.85 71.66 
26.91 97.97 56.66 89.47 30.12 4.73 6.68 63.94 12.91 53.24 
74.87 39.04 86.91 14.12 28.85 30.55 77.27 4.33 93.94 80.75 
58.36 1.16 5.16 62.69 59.16 93.85 55.84 89.42 75.04 6.55 
89.36 62.18 15.67 51.61 13.84 88.23 20.89 92.77 57.54 46.16 

Resultado da matriz B entrada17.in:
22.91 2.78 75.43 20.02 47.78 58.89 66.20 7.81 39.11 94.52 
47.83 28.19 24.20 97.82 74.95 98.97 39.52 75.14 96.47 17.43 
77.27 84.95 47.44 28.39 7.23 43.54 6.71 25.30 91.74 12.66 
70.63 63.61 15.90 75.11 37.44 7.66 71.91 61.71 35.89 10.42 
12.53 48.18 25.74 49.16 0.13 34.22 76.49 83.92 39.59 55.28 
3.62 94.27 6.55 98.93 97.08 88.09 13.36 80.38 62.29 7.63 
94.41 85.71 43.21 15.34 80.22 63.35 85.09 62.43 17.60 36.14 
20.24 75.34 13.55 24.27 36.83 90.31 77.28 54.20 49.21 54.81 
43.17 68.80 79.31 23.96 43.60 62.16 36.37 2.01 93.78 29.29 
62.71 12.39 51.66 59.52 87.65 33.31 83.02 11.14 85.87 10.80 

Resultado da matriz C entrada17.in:
21766.30 29559.24 12604.69 24890.27 26813.64 23856.91 27277.16 24770.94 22886.76 10952.72 
18026.84 21945.90 17248.82 22354.39 22420.72 28480.79 24571.97 22087.17 28257.57 15779.08 
